"","x","y","temp"
"1",1.43,1.13,1
"2",0.5504,0.1664,1
"3",-0.00548800000000005,-0.197008,1
"4",0.16257536,0.30142976,1
"5",0.9335844608,1.3028380928,1
"6",1.752412749824,2.086202998784,1
"7",2.02950385897472,2.08750174564352,1
"8",1.56535218966364,1.30579923563971,1
"9",0.694146943794741,0.303921275975304,1
"10",0.043155898393627,-0.196780002391317,1
"11",0.0810926061491011,0.16420032096381,1
"12",0.780642637477222,1.12695641322499,1
"13",1.63812996982174,1.99830388796418,1
"14",2.03616372389461,2.15087256336916,1
"15",1.68815959676336,1.47481299314834,1
"16",0.844680559962487,0.456888067860718,1
"17",0.113031519988627,-0.169996266286622,1
"18",0.0199997856229554,0.0455167112924053,1
"19",0.632568205608756,0.948257656740901,1
"20",1.50968751755625,1.88825308933595,1
"21",2.01983181686325,2.18870629760911,1
"22",1.7956972080287,1.63329097160372,1
"23",0.998660609413494,0.621906146043644,1
"24",0.202588372020569,-0.117251104667852,1
"25",-0.0193474932271663,-0.0519875600184947,1
"26",0.492646836648659,0.770707027844179,1
"27",1.36993544413745,1.75849255565904,1
"28",1.98087053184728,2.2001634433994,1
"29",1.88557883662706,1.77771665189218,1
"30",1.15267037903537,0.795313871022599,1
"31",0.309839248538204,-0.0397148969832576,1
"32",-0.0360761409064648,-0.126148939161169,1
"33",0.363983291101521,0.598244254856961,1
"34",1.22197475351641,1.61190158537808,1
"35",1.92014439339949,2.18498977442698,1
"36",1.95581007003493,1.90488532588846,1
"37",1.30329249624523,0.973263442710243,1
"38",0.432404325158958,0.0608918807806554,1
"39",-0.029814960041759,-0.175321835311004,1
"40",0.24943252598759,0.434696170021259,1
"41",1.06908859330587,1.45173293293822,1
"42",1.83900087344393,2.14352198413966,1
"43",2.00483252470235,2.01197520676055,1
"44",1.44718475817508,1.15180628051384,1
"45",0.567563965761754,0.182336832297171,1
"46",-0.000702882000040206,-0.198415135173462,1
"47",0.151536345278195,0.283691794680797,1
"48",0.914669403956129,1.28154063236488,1
"49",1.73924049178565,2.07668021474625,1
"50",2.0315584255295,2.09661004251032,1
"51",1.58115429289211,1.32698063966696,1
"52",0.712319069372402,0.321925176263385,1
"53",0.0506141159045604,-0.194916414049825,1
"54",0.0724669989854351,0.148581813752839,1
"55",0.762143642796796,1.10510113565346,1
"56",1.62307686379446,1.98594763988359,1
"57",2.03539474286012,2.15691184339753,1
"58",1.70222840706649,1.49489951966526,1
"59",0.863457618184985,0.476559541773994,1
"60",0.122997344210294,-0.164903306194544,1
"61",0.0139789824041916,0.0323642262969894,1
"62",0.614895753267071,0.926329515854691,1
"63",1.49308758177766,1.87333755399701,1
"64",2.01625635140833,2.19154255326149,1
"65",1.80772054802501,1.65183691417769,1
"66",1.01762595006368,0.642808696885955,1
"67",0.214840668056498,-0.109041782163668,1
"68",-0.0226298949513582,-0.0623821780554497,1
"69",0.476193066405763,0.749192594252692,1
"70",1.35215701995073,1.7413486986989,1
"71",1.97456791913118,2.19973374008189,1
"72",1.89528991653717,1.79431048860593,1
"73",1.1714031740364,0.816983685333695,1
"74",0.324106146229424,-0.0285713713787994,1
"75",-0.0365473068627412,-0.133555040698558,1
"76",0.349113300986268,0.577620919284645,1
"77",1.20341233212516,1.5929098173829,1
"78",1.91125448413394,2.18130364696547,1
"79",1.96299340756628,1.9191588507329,1
"80",1.3213770775509,0.995219681972641,1
"81",0.448369251698869,0.0747223421920795,1
"82",-0.0274644353763469,-0.179575083966779,1
"83",0.236476271019407,0.415421550330443,1
"84",1.05015406228119,1.43131466838975,1
"85",1.82772092870051,2.13666122520843,1
"86",2.00932872645547,2.02361169987705,1
"87",1.46421984116249,1.17356175063419,1
"88",0.584872670232514,0.198547340934713,1
"89",0.00441717673513098,-0.199421154237755,1
"90",0.140781315988453,0.266193581640961,1
"91",0.895782907730089,1.26014893873818,1
"92",1.72582080590606,2.06679705994391,1
"93",2.03326772382967,2.10535129799003,1
"94",1.59676188059592,1.34805260148332,1
"95",0.730587483333103,0.340156031908622,1
"96",0.0583900980704564,-0.192652880640283,1
"97",0.0641518421970813,0.133248280871815,1
"98",0.743724259941808,1.08321068015621,1
"99",1.60781521052843,1.97326138972813,1
"100",2.03427920953459,2.1625638986958,1
"101",1.71606217767584,1.51482040060249,1
"102",0.366715609963883,0.125735525641598,1
"103",-0.0707014360960629,-0.00440850624319911,1
"104",1.03369158582232,1.31179571086221,1
"105",2.08956872415656,2.17901410432604,1
"106",1.57646689970535,1.34845218756037,1
"107",0.233252739678435,0.01611912070777,1
"108",-0.00584536548543027,0.100574520035981,1
"109",1.20347385564972,1.48020261051238,1
"110",2.11979072464928,2.16833894185095,1
"111",1.42360895015387,1.17406719692415,1
"112",0.117430287436892,-0.0708613115734256,1
"113",0.0821520108107889,0.226250468594728,1
"114",1.36857483861715,1.63756157398647,1
"115",2.12424989881482,2.1307840128377,1
"116",1.26100510471915,0.995677473202638,1
"117",0.0219129598279066,-0.13320462784422,1
"118",0.191266152784481,0.369727935204599,1
"119",1.5251960857314,1.7802522715588,1
"120",2.1028436552251,2.06721333686833,1
"121",1.09239636119466,0.817387197087467,1
"122",-0.0511016929560972,-0.169476506499345,1
"123",0.31898669074993,0.5277059592729,1
"124",1.66973423977606,1.90499184369217,1
"125",2.05606448352466,1.97908947319472,1
"126",0.921661870997754,0.643298261296872,1
"127",-0.0999338357659207,-0.178842446868467,1
"128",0.462375180973331,0.696549968456786,1
"129",1.79886393711099,2.00891042920427,1
"130",1.98498862380882,1.8684398718976,1
"131",0.752729692221954,0.477415899058391,1
"132",-0.123459996164527,-0.161086968424905,1
"133",0.61813270992591,0.872375398623663,1
"134",1.90961431372304,2.08961719165416,1
"135",1.89125130575899,1.73781022870266,1
"136",0.589486417501998,0.323556536419337,1
"137",-0.121138911957872,-0.116618568307836,1
"138",0.782675791801594,1.05113706532827,1
"139",1.99943735536676,2.14525532489167,1
"140",1.77700912720379,1.59020591661106,1
"141",0.43568775586736,0.185259988410524,1
"142",-0.0930239839180727,-0.046460323101167,1
"143",0.952218813138519,1.22872223065282,1
"144",2.06626651927564,2.17454477226675,1
"145",1.64489043765584,1.42902284181656,1
"146",0.294872125811628,0.0657080191505239,1
"147",-0.0397620472013294,0.0477736489077371,1
"148",1.12286112775563,1.40104522423781,1
"149",2.10856427874448,2.17681167666544,1
"150",1.49793486834128,1.25796931469484,1
"151",0.170279247526637,-0.032348860436328,1
"152",0.037421510273635,0.163915323460821,1
"153",1.2906767982266,1.56414144157439,1
"154",2.12535749673326,2.15200388382084,1
"155",1.33952339994403,1.08098073336528,1
"156",0.0647756072353949,-0.106654673136279,1
"157",0.136750940107794,0.299292649678403,1
"158",1.45180491922497,1.71425855695618,1
"159",2.11625981465819,2.10069214221706,1
"160",1.17330057698362,0.90212904268537,1
"161",-0.0192114915473642,-0.155499878313254,1
"162",0.25594098774986,0.450791025459208,1
"163",1.60253844468729,1.84794285257041,1
"164",2.08148054127502,2.02405697198022,1
"165",1.00309065842673,0.725529051738514,1
"166",-0.0797497725560541,-0.177760703006653,1
"167",0.392249468941884,0.61492495457776,1
"168",1.73940947516351,1.9621186775702,1
"169",2.02181983714968,1.92386150486155,1
"170",0.832809633640313,0.55524376515227,1
"171",-0.115446442311106,-0.172924996376281,1
"172",0.542540358665468,0.787918236877012,1
"173",1.85926904316377,2.05415920902741,1
"174",1.93865030550624,1.80241092017834,1
"175",0.666375127919727,0.395190906272461,1
"176",-0.125480233871195,-0.141104012665758,1
"177",0.703355941112403,0.965790846634714,1
"178",1.95935956089414,2.1219468867812,1
"179",1.83388541298832,1.66249940996276,1
"180",0.507616270379316,0.249052782797945,1
"181",-0.109620301575899,-0.0830298515959071,1
"182",0.87099636073818,1.14445050030835,1
"183",2.03737826358928,2.16392213176858,1
"184",1.70993546687182,1.50734589348206,1
"185",0.360185597858938,0.120191568581372,1
"186",-0.0682315320708114,-3.86150764906112e-05,1
"187",1.04160474418141,1.31978680697579,1
"188",2.0915301888124,2.17911922698293,1
"189",1.56965216155354,1.34051996013465,1
"190",0.22747502165758,0.0115719506924694,1
"191",-0.00226614942529113,0.105960332253132,1
"192",1.21125593466426,1.48776583536928,1
"193",2.12056947283727,2.16718853555367,1
"194",1.41626297012462,1.16585974454077,1
"195",0.112537790432511,-0.0743070786108364,1
"196",0.0867581925175884,0.232528291437162,1
"197",1.37604679737734,1.64452292181565,1
"198",2.12382801401372,2.1284045447796,1
"199",1.25329689047035,0.987383623260929,1
"200",0.0180182446496722,-0.13546971575348,1
